1
10
0 9 18 5 2 13 1 19 16 5 
9 0 0 4 12 16 3 6 4 3 
18 0 0 9 2 14 7 12 13 11 
5 4 9 0 13 17 5 8 6 16 
2 12 2 13 0 13 9 20 2 10 
13 16 14 17 13 0 20 18 14 4 
1 3 7 5 9 20 0 0 3 9 
19 6 12 8 20 18 0 0 14 15 
16 4 13 6 2 14 3 14 0 11 
5 3 11 16 10 4 9 15 11 0 
4
0 12 39 62 
12 0 83 52 
39 83 0 83 
62 52 83 0 
