5
2
1 7 
7 1



6
1 35 26 7 38 36 
35 1 50 39 2 15 
26 50 1 43 1 49 
7 39 43 1 48 2 
38 2 1 48 1 44 
36 15 49 2 44 1 

10
1 35 26 7 38 36 50 39 2 15 
35 1 43 1 49 48 2 44 48 19 
26 43 1 10 13 46 23 32 24 19 
7 1 10 1 41 10 29 11 18 17 
38 49 13 41 1 45 3 2 26 1 
36 48 46 10 45 1 21 4 3 28 
50 2 23 29 3 21 1 6 1 15 
39 44 32 11 2 4 6 1 8 8 
2 48 24 18 26 3 1 8 1 34 
15 19 19 17 1 28 15 8 34 1 

14
1 35 26 7 38 36 50 39 2 15 43 1 49 48 
35 1 2 44 48 19 10 13 46 23 32 24 19 41 
26 2 1 10 29 11 18 17 45 3 2 26 1 21 
7 44 10 1 4 3 28 6 1 15 8 8 34 46 
38 48 29 4 1 23 41 21 7 48 46 34 37 37 
36 19 11 3 23 1 32 45 34 27 44 43 29 24 
50 10 18 28 41 32 1 46 32 23 5 12 19 13 
39 13 17 6 21 45 46 1 16 43 46 9 42 8 
2 46 45 1 7 34 32 16 1 6 5 49 15 28 
15 23 3 15 48 27 23 43 6 1 24 47 25 35 
43 32 2 8 46 44 5 46 5 24 1 3 50 11 
1 24 26 8 34 43 12 9 49 47 3 1 40 44 
49 19 1 34 37 29 19 42 15 25 50 40 1 14 
48 41 21 46 37 24 13 8 28 35 11 44 14 1 

18
1 35 26 7 38 36 50 39 2 15 43 1 49 48 2 44 48 19 
35 1 10 13 46 23 32 24 19 41 10 29 11 18 17 45 3 2 
26 10 1 26 1 21 4 3 28 6 1 15 8 8 34 46 23 41 
7 13 26 1 21 7 48 46 34 37 37 32 45 34 27 44 43 29 
38 46 1 21 1 24 46 32 23 5 12 19 13 16 43 46 9 42 
36 23 21 7 24 1 8 6 5 49 15 28 24 47 25 35 3 50 
50 32 4 48 46 8 1 11 40 44 14 45 7 41 2 1 8 14 
39 24 3 46 32 6 11 1 30 30 8 10 32 27 35 13 13 22 
2 19 28 34 23 5 40 30 1 8 23 24 13 12 20 34 44 1 
15 41 6 37 5 49 44 30 8 1 11 41 37 44 28 31 41 16 
43 10 1 37 12 15 14 8 23 11 1 44 17 13 31 22 14 27 
1 29 15 32 19 28 45 10 24 41 44 1 29 0 19 47 4 32 
49 11 8 45 13 24 7 32 13 37 17 29 1 44 19 18 15 13 
48 18 8 34 16 47 41 27 12 44 13 0 44 1 17 22 18 0 
2 17 34 27 43 25 2 35 20 28 31 19 19 17 1 13 41 24 
44 45 46 44 46 35 1 13 34 31 22 47 18 22 13 1 24 16 
48 3 23 43 9 3 8 13 44 41 14 4 15 18 41 24 1 21 
19 2 41 29 42 50 14 22 1 16 27 32 13 0 24 16 21 1 