5
4
1 7 7 27 
7 1 25 14 
7 25 1 6 
27 14 6 1

8
1 35 26 7 38 36 50 39 
35 1 2 15 43 1 49 48 
26 2 1 2 44 48 19 10 
7 15 2 1 13 46 23 32 
38 43 44 13 1 24 19 41 
36 1 48 46 24 1 10 29 
50 49 19 23 19 10 1 11 
39 48 10 32 41 29 11 1 

12
1 35 26 7 38 36 50 39 2 15 43 1 
35 1 49 48 2 44 48 19 10 13 46 23 
26 49 1 32 24 19 41 10 29 11 18 17 
7 48 32 1 45 3 2 26 1 21 4 3 
38 2 24 45 1 28 6 1 15 8 8 34 
36 44 19 3 28 1 46 23 41 21 7 48 
50 48 41 2 6 46 1 46 34 37 37 32 
39 19 10 26 1 23 46 1 45 34 27 44 
2 10 29 1 15 41 34 45 1 43 29 24 
15 13 11 21 8 21 37 34 43 1 46 32 
43 46 18 4 8 7 37 27 29 46 1 23 
1 23 17 3 34 48 32 44 24 32 23 1 

16
1 35 26 7 38 36 50 39 2 15 43 1 49 48 2 44 
35 1 48 19 10 13 46 23 32 24 19 41 10 29 11 18 
26 48 1 17 45 3 2 26 1 21 4 3 28 6 1 15 
7 19 17 1 8 8 34 46 23 41 21 7 48 46 34 37 
38 10 45 8 1 37 32 45 34 27 44 43 29 24 46 32 
36 13 3 8 37 1 23 5 12 19 13 16 43 46 9 42 
50 46 2 34 32 23 1 8 6 5 49 15 28 24 47 25 
39 23 26 46 45 5 8 1 35 3 50 11 40 44 14 45 
2 32 1 23 34 12 6 35 1 7 41 2 1 8 14 30 
15 24 21 41 27 19 5 3 7 1 30 8 10 32 27 35 
43 19 4 21 44 13 49 50 41 30 1 13 13 22 8 23 
1 41 3 7 43 16 15 11 2 8 13 1 24 13 12 20 
49 10 28 48 29 43 28 40 1 10 13 24 1 34 44 1 
48 29 6 46 24 46 24 44 8 32 22 13 34 1 11 41 
2 11 1 34 46 9 47 14 14 27 8 12 44 11 1 37 
44 18 15 37 32 42 25 45 30 35 23 20 1 41 37 1 

20
1 35 26 7 38 36 50 39 2 15 43 1 49 48 2 44 48 19 10 13 
35 1 46 23 32 24 19 41 10 29 11 18 17 45 3 2 26 1 21 4 
26 46 1 3 28 6 1 15 8 8 34 46 23 41 21 7 48 46 34 37 
7 23 3 1 37 32 45 34 27 44 43 29 24 46 32 23 5 12 19 13 
38 32 28 37 1 16 43 46 9 42 8 6 5 49 15 28 24 47 25 35 
36 24 6 32 16 1 3 50 11 40 44 14 45 7 41 2 1 8 14 30 
50 19 1 45 43 3 1 30 8 10 32 27 35 13 13 22 8 23 24 13 
39 41 15 34 46 50 30 1 12 20 34 44 1 11 41 37 44 28 31 41 
2 10 8 27 9 11 8 12 1 16 44 17 13 31 22 14 27 29 0 19 
15 29 8 44 42 40 10 20 16 1 47 4 32 44 19 18 15 13 17 22 
43 11 34 43 8 44 32 34 44 47 1 18 0 13 41 24 24 16 21 11 
1 18 46 29 6 14 27 44 17 4 18 1 13 46 12 13 18 44 12 27 
49 17 23 24 5 45 35 1 13 32 0 13 1 48 44 14 47 1 33 19 
48 45 41 46 49 7 13 11 31 44 13 46 48 1 11 38 39 31 14 4 
2 3 21 32 15 41 13 41 22 19 41 12 44 11 1 13 20 24 20 5 
44 2 7 23 28 2 22 37 14 18 24 13 14 38 13 1 37 17 31 48 
48 26 48 5 24 1 8 44 27 15 24 18 47 39 20 37 1 15 3 10 
19 1 46 12 47 8 23 28 29 13 16 44 1 31 24 17 15 1 8 21 
10 21 34 19 25 14 24 31 0 17 21 12 33 14 20 31 3 8 1 28 
13 4 37 13 35 30 13 41 19 22 11 27 19 4 5 48 10 21 28 1 